         1  1.00000000000e+000  0.00000000000e+000
         2  1.00000000000e+000  1.00000000000e+000
         3  1.00000000000e+000  5.00000000000e-002
         4  1.00000000000e+000  1.00000000000e-001
         5  1.00000000000e+000  1.50000000000e-001
         6  1.00000000000e+000  2.00000000000e-001
         7  1.00000000000e+000  2.50000000000e-001
         8  1.00000000000e+000  3.00000000000e-001
         9  1.00000000000e+000  3.50000000000e-001
        10  1.00000000000e+000  4.00000000000e-001
        11  1.00000000000e+000  4.50000000000e-001
        12  1.00000000000e+000  5.00000000000e-001
        13  1.00000000000e+000  5.50000000000e-001
        14  1.00000000000e+000  6.00000000000e-001
        15  1.00000000000e+000  6.50000000000e-001
        16  1.00000000000e+000  7.00000000000e-001
        17  1.00000000000e+000  7.50000000000e-001
        18  1.00000000000e+000  8.00000000000e-001
        19  1.00000000000e+000  8.50000000000e-001
        20  1.00000000000e+000  9.00000000000e-001
        21  1.00000000000e+000  9.50000000000e-001
        22  0.00000000000e+000  0.00000000000e+000
        23  5.00000000000e-002  0.00000000000e+000
        24  1.00000000000e-001  0.00000000000e+000
        25  1.50000000000e-001  0.00000000000e+000
        26  2.00000000000e-001  0.00000000000e+000
        27  2.50000000000e-001  0.00000000000e+000
        28  3.00000000000e-001  0.00000000000e+000
        29  3.50000000000e-001  0.00000000000e+000
        30  4.00000000000e-001  0.00000000000e+000
        31  4.50000000000e-001  0.00000000000e+000
        32  5.00000000000e-001  0.00000000000e+000
        33  5.50000000000e-001  0.00000000000e+000
        34  6.00000000000e-001  0.00000000000e+000
        35  6.50000000000e-001  0.00000000000e+000
        36  7.00000000000e-001  0.00000000000e+000
        37  7.50000000000e-001  0.00000000000e+000
        38  8.00000000000e-001  0.00000000000e+000
        39  8.50000000000e-001  0.00000000000e+000
        40  9.00000000000e-001  0.00000000000e+000
        41  9.50000000000e-001  0.00000000000e+000
        42  0.00000000000e+000  1.00000000000e+000
        43  0.00000000000e+000  9.50000000000e-001
        44  0.00000000000e+000  9.00000000000e-001
        45  0.00000000000e+000  8.50000000000e-001
        46  0.00000000000e+000  8.00000000000e-001
        47  0.00000000000e+000  7.50000000000e-001
        48  0.00000000000e+000  7.00000000000e-001
        49  0.00000000000e+000  6.50000000000e-001
        50  0.00000000000e+000  6.00000000000e-001
        51  0.00000000000e+000  5.50000000000e-001
        52  0.00000000000e+000  5.00000000000e-001
        53  0.00000000000e+000  4.50000000000e-001
        54  0.00000000000e+000  4.00000000000e-001
        55  0.00000000000e+000  3.50000000000e-001
        56  0.00000000000e+000  3.00000000000e-001
        57  0.00000000000e+000  2.50000000000e-001
        58  0.00000000000e+000  2.00000000000e-001
        59  0.00000000000e+000  1.50000000000e-001
        60  0.00000000000e+000  1.00000000000e-001
        61  0.00000000000e+000  5.00000000000e-002
        62  9.50000000000e-001  1.00000000000e+000
        63  9.00000000000e-001  1.00000000000e+000
        64  8.50000000000e-001  1.00000000000e+000
        65  8.00000000000e-001  1.00000000000e+000
        66  7.50000000000e-001  1.00000000000e+000
        67  7.00000000000e-001  1.00000000000e+000
        68  6.50000000000e-001  1.00000000000e+000
        69  6.00000000000e-001  1.00000000000e+000
        70  5.50000000000e-001  1.00000000000e+000
        71  5.00000000000e-001  1.00000000000e+000
        72  4.50000000000e-001  1.00000000000e+000
        73  4.00000000000e-001  1.00000000000e+000
        74  3.50000000000e-001  1.00000000000e+000
        75  3.00000000000e-001  1.00000000000e+000
        76  2.50000000000e-001  1.00000000000e+000
        77  2.00000000000e-001  1.00000000000e+000
        78  1.50000000000e-001  1.00000000000e+000
        79  1.00000000000e-001  1.00000000000e+000
        80  5.00000000000e-002  1.00000000000e+000
        81  9.65001270128e-001  3.54577863577e-002
        82  5.24849096474e-001  3.37103681997e-002
        83  4.79312027219e-001  5.10546975896e-001
        84  9.64548318679e-001  9.65005244986e-001
        85  3.54529956948e-002  9.65005162995e-001
        86  3.54553196032e-002  3.49912758612e-002
        87  9.58461124619e-001  7.89301443306e-002
        88  7.89137923989e-002  9.58470721577e-001
        89  4.92532593092e-002  8.07901246933e-002
        90  7.89178177603e-002  4.15091443379e-002
        91  9.21091152638e-001  9.58474151989e-001
        92  9.50754201138e-001  9.19201322738e-001
        93  9.19189765169e-001  4.92613719706e-002
        94  4.92418200178e-002  9.19203979902e-001
        95  9.56105007528e-001  1.28757617273e-001
        96  1.28713011028e-001  9.56119830177e-001
        97  4.34978761622e-002  1.31913416075e-001
        98  1.28734997293e-001  4.38578338782e-002
        99  9.56495142095e-001  8.68056474373e-001
       100  8.71306769156e-001  9.56144629758e-001
       101  8.68039180081e-001  4.35154161361e-002
       102  4.34862029523e-002  8.68067880843e-001
       103  9.56083777020e-001  8.18870457810e-001
       104  8.21051712665e-001  9.54932892433e-001
       105  8.18836338045e-001  4.39273734477e-002
       106  4.38872883630e-002  8.18889783380e-001
       107  9.54823399990e-001  1.79122927079e-001
       108  1.79013177725e-001  9.54826378029e-001
       109  1.79080027769e-001  4.51240861493e-002
       110  4.39082380422e-002  1.81067067565e-001
       111  9.54601847266e-001  2.29635201346e-001
       112  2.29379811626e-001  9.54543738051e-001
       113  2.29565521402e-001  4.53384773602e-002
       114  4.43500815654e-002  2.30723635489e-001
       115  9.55687570371e-001  7.69156689039e-001
       116  7.70785264203e-001  9.54878217395e-001
       117  7.69091481784e-001  4.43356706118e-002
       118  4.43013039676e-002  7.69177874283e-001
       119  2.79984468220e-001  4.52176521783e-002
       120  4.47530434524e-002  2.80676197532e-001
       121  9.54734488485e-001  2.80086417174e-001
       122  2.79525292711e-001  9.54520663475e-001
       123  7.18979748779e-001  4.46208325398e-002
       124  4.46318752525e-002  7.19104764597e-001
       125  9.55430658725e-001  7.19086758491e-001
       126  7.20797242285e-001  9.55340727443e-001
       127  3.30461752322e-001  4.49583949973e-002
       128  4.49324071682e-002  3.30896709594e-001
       129  9.55026848954e-001  3.30599316198e-001
       130  3.29471760812e-001  9.54504689496e-001
       131  6.68488396220e-001  4.45317737608e-002
       132  4.46337466909e-002  6.68658481265e-001
       133  9.55557294545e-001  6.68637946564e-001
       134  6.70995036514e-001  9.56101967361e-001
       135  3.81110772941e-001  4.45967116371e-002
       136  4.47912214382e-002  3.81442416243e-001
       137  9.55434894956e-001  3.81280483232e-001
       138  3.79324193096e-001  9.54313926864e-001
       139  6.17621123247e-001  4.38221927368e-002
       140  4.40315777872e-002  6.17837724400e-001
       141  9.56298447045e-001  6.17802589994e-001
       142  6.21241352349e-001  9.56841959180e-001
       143  5.67222346544e-001  4.16629073291e-002
       144  4.19445559868e-002  5.67463886164e-001
       145  9.58467620010e-001  5.67414567890e-001
       146  5.72004741743e-001  9.58099489641e-001
       147  4.32027848330e-001  4.38093453529e-002
       148  4.40946211588e-002  4.32324683642e-001
       149  9.56266569749e-001  4.32215948481e-001
       150  4.29883164748e-001  9.53584048626e-001
       151  4.19618228447e-002  4.82724463355e-001
       152  4.82452568120e-001  4.16501844033e-002
       153  9.58454685462e-001  4.82638398383e-001
       154  4.84712284100e-001  9.49636035283e-001
       155  9.14548541419e-001  1.05283694258e-001
       156  3.39487263100e-002  5.25076763933e-001
       157  9.66421390106e-001  5.25020903523e-001
       158  5.28291091118e-001  9.64024690014e-001
       159  5.04844172582e-001  8.26341936928e-001
       160  8.81005562305e-001  8.38549160727e-002
       161  8.38023648708e-001  8.74800285818e-002
       162  7.88921782163e-001  8.80549734318e-002
       163  7.38952167479e-001  8.89154337587e-002
       164  6.88306132075e-001  8.91510910057e-002
       165  6.36706774187e-001  8.84609188196e-002
       166  5.83244671235e-001  8.62591477518e-002
       167  5.24784526475e-001  7.97408246816e-002
       168  9.10047198736e-001  1.56875517951e-001
       169  9.09332220807e-001  2.08615257445e-001
       170  9.09344116470e-001  2.59592695290e-001
       171  9.09970753568e-001  3.10537149992e-001
       172  9.10598993092e-001  3.61591327922e-001
       173  9.11642587988e-001  4.13299134322e-001
       174  9.13972916894e-001  4.66740634335e-001
       175  1.05218285520e-001  9.14583313929e-001
       176  8.37885352709e-002  8.81051353630e-001
       177  8.73809686058e-002  8.38112180085e-001
       178  8.79319207907e-002  7.89077000958e-001
       179  8.88334420683e-002  7.39178983010e-001
       180  8.92299846712e-002  6.88599171036e-001
       181  8.87945254591e-002  6.37064177208e-001
       182  8.68244857890e-002  5.83654426302e-001
       183  8.03734096872e-002  5.25188296548e-001
       184  1.56712389152e-001  9.10087372898e-001
       185  2.08252120454e-001  9.09306138864e-001
       186  2.58819386004e-001  9.09087352910e-001
       187  3.08945420783e-001  9.09217714241e-001
       188  3.58442156321e-001  9.08981323033e-001
       189  4.07236083496e-001  9.08520575264e-001
       190  4.54733974281e-001  9.07397416534e-001
       191  1.05246254856e-001  8.53831173715e-002
       192  8.38161650080e-002  1.18915464835e-001
       193  8.74237952200e-002  1.61824272571e-001
       194  8.80161212181e-002  2.10794303720e-001
       195  8.90213687718e-002  2.60540939770e-001
       196  8.96458365923e-002  3.10783317466e-001
       197  8.97163743322e-002  3.61578020711e-001
       198  8.90450632610e-002  4.13243015905e-001
       199  8.69136021020e-002  4.66716103038e-001
       200  1.56794218731e-001  8.98382812971e-002
       201  2.08476966567e-001  9.05184450160e-002
       202  2.59388676983e-001  9.05148043261e-002
       203  3.10258889743e-001  8.99531314836e-002
       204  3.61238543014e-001  8.94309645689e-002
       205  4.12894312236e-001  8.85013756844e-002
       206  4.66333470712e-001  8.62545321251e-002
       207  8.94772004584e-001  9.14589152000e-001
       208  9.16176500446e-001  8.81040102781e-001
       209  9.12542643442e-001  8.38079163086e-001
       210  9.11970443315e-001  7.89024033142e-001
       211  9.11155406488e-001  7.39128284755e-001
       212  9.11007140803e-001  6.88567245105e-001
       213  9.11792223108e-001  6.37041275315e-001
       214  9.14050791142e-001  5.83625208600e-001
       215  9.20561226436e-001  5.25169671385e-001
       216  8.43284828740e-001  9.10157787809e-001
       217  7.91812311529e-001  9.09625290798e-001
       218  7.41434550063e-001  9.10064675314e-001
       219  6.91631928421e-001  9.11535473249e-001
       220  6.42265802791e-001  9.13263364610e-001
       221  5.92014457994e-001  9.14471945964e-001
       222  5.37953014702e-001  9.17486479763e-001
       223  4.96529572203e-001  9.01759979860e-001
       224  8.64069118650e-001  1.31936560507e-001
       225  1.31752643064e-001  8.64167168167e-001
       226  1.31830404680e-001  1.35748683233e-001
       227  8.68138354617e-001  8.64158968581e-001
       228  8.12972133539e-001  8.64940309945e-001
       229  7.62095566300e-001  8.63914378914e-001
       230  7.11620893187e-001  8.66311096066e-001
       231  6.62793930830e-001  8.68764898678e-001
       232  6.15353035174e-001  8.71902406331e-001
       233  8.64718893777e-001  1.87252351855e-001
       234  8.63369571845e-001  2.38527136427e-001
       235  8.64952028532e-001  2.90004239397e-001
       236  8.65681569832e-001  3.41019591361e-001
       237  8.66599938838e-001  3.92365632680e-001
       238  8.68263228439e-001  4.44647038489e-001
       239  1.86834748294e-001  8.64822105104e-001
       240  2.37707706661e-001  8.63289111668e-001
       241  2.88450092578e-001  8.64318431371e-001
       242  3.38102456135e-001  8.64023426654e-001
       243  3.86932615260e-001  8.63390868287e-001
       244  4.34435067374e-001  8.62979750477e-001
       245  1.87036687050e-001  1.34997506869e-001
       246  2.38197674969e-001  1.36308215858e-001
       247  2.89554387816e-001  1.34810682415e-001
       248  3.40441180059e-001  1.34266228828e-001
       249  3.91675350359e-001  1.33568338499e-001
       250  4.43911379160e-001  1.32093832376e-001
       251  5.67548083498e-001  8.70257806948e-001
       252  8.69565998319e-001  8.10483399422e-001
       253  8.67460976488e-001  7.60480595038e-001
       254  8.66536897622e-001  7.10031140057e-001
       255  8.66966912146e-001  6.58836013609e-001
       256  8.68604198196e-001  6.06492834588e-001
       257  8.71186767864e-001  5.52593476552e-001
       258  1.30192025997e-001  8.10563424091e-001
       259  1.32270423252e-001  7.60605418218e-001
       260  1.33469205500e-001  7.10138816582e-001
       261  1.33662683627e-001  6.58874916366e-001
       262  1.32719817027e-001  6.06464687249e-001
       263  1.30512875730e-001  5.52476149028e-001
       264  8.10352382325e-001  1.30457682755e-001
       265  7.60259835036e-001  1.32586148114e-001
       266  7.09686494912e-001  1.33642849367e-001
       267  6.58371850339e-001  1.33415890341e-001
       268  6.05935253901e-001  1.31938230439e-001
       269  5.51961128668e-001  1.29392525438e-001
       270  1.30314656636e-001  1.89302609795e-001
       271  1.32511350484e-001  2.39153472274e-001
       272  1.33942827931e-001  2.89390809558e-001
       273  1.34555135899e-001  3.40164817121e-001
       274  1.34323158109e-001  3.91629710591e-001
       275  1.33102747665e-001  4.44128124766e-001
       276  1.68490330524e-001  1.72085918734e-001
       277  1.68303560946e-001  8.27743325287e-001
       278  8.27523599071e-001  1.68735695888e-001
       279  8.31325651846e-001  8.27708279102e-001
       280  4.79061112048e-001  8.63562189940e-001
       281  5.23968722075e-001  8.65609718316e-001
       282  2.16333884351e-001  1.85420625730e-001
       283  7.83277735137e-001  8.14317923395e-001
       284  2.15912633467e-001  8.14264084107e-001
       285  8.13949393020e-001  2.16807346394e-001
       286  7.30584248084e-001  8.21260147119e-001
       287  2.69162437110e-001  1.79032505687e-001
       288  8.20392910508e-001  2.69829253474e-001
       289  2.68318993295e-001  8.20271977525e-001
       290  3.19272337982e-001  1.78769089172e-001
       291  8.20915703451e-001  3.20134424480e-001
       292  3.17663486445e-001  8.19803423157e-001
       293  6.81286172332e-001  8.23121019421e-001
       294  3.69768942290e-001  1.78551573931e-001
       295  8.21525492577e-001  3.70832310971e-001
       296  3.66871686620e-001  8.18772495354e-001
       297  6.33953891042e-001  8.27372827628e-001
       298  4.20867974524e-001  1.77799475623e-001
       299  8.22606544849e-001  4.22059008613e-001
       300  4.15869457131e-001  8.17904422346e-001
       301  5.92354409366e-001  8.34452637911e-001
       302  1.30623880041e-001  4.98170842118e-001
       303  8.24787692784e-001  7.83247811450e-001
       304  1.74556675425e-001  7.83430291967e-001
       305  7.82986671750e-001  1.75205159258e-001
       306  1.74879648142e-001  2.16339487033e-001
       307  4.97761721955e-001  1.29461610035e-001
       308  8.71039693608e-001  4.98462771223e-001
       309  8.22364208094e-001  7.32823702059e-001
       310  8.21960377179e-001  6.81846624927e-001
       311  8.23440036728e-001  6.30305274090e-001
       312  8.25172724664e-001  5.78266805846e-001
       313  1.76980094162e-001  7.33154396624e-001
       314  1.78148715259e-001  6.82137985523e-001
       315  1.78070049450e-001  6.30416480791e-001
       316  1.77425430272e-001  5.78153261512e-001
       317  7.32420685318e-001  1.77720094512e-001
       318  6.81276308708e-001  1.78470326168e-001
       319  6.29599545293e-001  1.77369810669e-001
       320  5.77430201563e-001  1.75773995168e-001
       321  1.77536476462e-001  2.66548689891e-001
       322  1.79098353142e-001  3.17391362141e-001
       323  1.79488966668e-001  3.68754510139e-001
       324  1.79128168281e-001  4.20513115734e-001
       325  4.64016383904e-001  8.18655069251e-001
       326  5.49767044571e-001  8.16046324076e-001
       327  4.72748362521e-001  1.76284504659e-001
       328  8.24354976125e-001  4.73904567248e-001
       329  5.25045221568e-001  1.75181918440e-001
       330  1.77122689737e-001  5.25563167531e-001
       331  1.77958265101e-001  4.72890456357e-001
       332  8.25657512618e-001  5.26047436935e-001
       333  2.18919556832e-001  7.58146554162e-001
       334  2.53533699846e-001  7.80118715941e-001
       335  2.96578451303e-001  7.76478478256e-001
       336  3.45433533766e-001  7.75200264237e-001
       337  3.95115561832e-001  7.73356384169e-001
       338  2.22256044673e-001  7.06757592544e-001
       339  2.22440333390e-001  6.54902861122e-001
       340  2.22937797913e-001  6.03511116743e-001
       341  7.57210458819e-001  2.20307413405e-001
       342  7.79460927752e-001  2.55248179234e-001
       343  7.76405559903e-001  2.99085035142e-001
       344  7.76747869466e-001  3.48936416938e-001
       345  7.77108592511e-001  3.99486414120e-001
       346  7.05134405551e-001  2.23906782617e-001
       347  6.53197663728e-001  2.22780673901e-001
       348  6.02114205468e-001  2.20935943366e-001
       349  7.79500607538e-001  7.57652510061e-001
       350  7.44407469323e-001  7.80079249712e-001
       351  7.00020289940e-001  7.77569203762e-001
       352  6.49219141230e-001  7.80025803058e-001
       353  5.99362338761e-001  7.90147983887e-001
       354  7.76279434511e-001  7.05778964804e-001
       355  7.78234321714e-001  6.54000013999e-001
       356  7.80529613659e-001  6.03092118405e-001
       357  2.19605071268e-001  2.41595082017e-001
       358  2.54352241930e-001  2.19431216148e-001
       359  2.97900250481e-001  2.22662586354e-001
       360  3.47436527208e-001  2.22987811364e-001
       361  3.97688124165e-001  2.23250612490e-001
       362  2.23411541245e-001  2.93084946676e-001
       363  2.24138931769e-001  3.45047505310e-001
       364  2.24878248626e-001  3.96477421326e-001
       365  4.46594600879e-001  7.72852078082e-001
       366  2.68369367203e-001  7.32847442987e-001
       367  7.31006952054e-001  2.71227783857e-001
       368  7.27977527756e-001  7.31713173728e-001
       369  2.69813423675e-001  2.66918703299e-001
       370  4.48577569956e-001  2.22311289096e-001
       371  4.99832453765e-001  2.20854720772e-001
       372  5.50978099746e-001  2.19995274934e-001
       373  7.78317232405e-001  4.50428893824e-001
       374  2.24516849970e-001  4.48128190695e-001
       375  2.23142215936e-001  5.51917800050e-001
       376  2.23621499165e-001  5.00049101675e-001
       377  6.75211815918e-001  2.68651124314e-001
       378  6.25467670485e-001  2.66412681280e-001
       379  2.65020470371e-001  6.79196435208e-001
       380  2.67309040563e-001  6.28939917902e-001
       381  7.32198902497e-001  6.75962921742e-001
       382  7.35720028847e-001  6.26454606358e-001
       383  2.67289648936e-001  3.21188372377e-001
       384  2.70251671845e-001  3.72058227713e-001
       385  7.81283046315e-001  5.52204717116e-001
       386  6.70905277980e-001  7.34088912637e-001
       387  3.23891419456e-001  2.65687354496e-001
       388  3.73941475380e-001  2.68330625265e-001
       389  3.21684056266e-001  7.33688396427e-001
       390  3.71023490517e-001  7.29844842014e-001
       391  7.33064595768e-001  3.25822476455e-001
       392  7.31885469241e-001  3.76414287970e-001
       393  6.13570879057e-001  7.34432180415e-001
       394  3.01896788119e-001  6.97868674272e-001
       395  6.93569760015e-001  3.07167599165e-001
       396  3.04613347845e-001  3.02418740167e-001
       397  6.92347981652e-001  6.94061610230e-001
       398  7.80040101805e-001  5.01423095355e-001
       399  3.14366201660e-001  3.46828521306e-001
       400  3.10034165131e-001  6.54638919562e-001
       401  6.43585118222e-001  3.18857160609e-001
       402  6.83706809789e-001  6.43881485502e-001
       403  5.03674081111e-001  7.76402117394e-001
       404  5.59492478646e-001  7.59742946983e-001
       405  3.49008880109e-001  3.12184243952e-001
       406  3.44769829862e-001  6.88212886114e-001
       407  6.87137186795e-001  3.52104473162e-001
       408  4.21420730128e-001  7.27458569184e-001
       409  6.46427100926e-001  6.85966351762e-001
       410  2.71097840016e-001  4.23322939446e-001
       411  2.68488192583e-001  5.78268748886e-001
       412  2.69026331404e-001  5.26859059091e-001
       413  7.38925478010e-001  5.77261339569e-001
       414  5.75905362107e-001  2.63226498762e-001
       415  5.26492683993e-001  2.64608297122e-001
       416  4.75701920177e-001  2.66391247077e-001
       417  4.24503853998e-001  2.68334865247e-001
       418  7.32334156174e-001  4.27303153566e-001
       419  7.34019035433e-001  4.78214443748e-001
       420  3.18676741884e-001  3.97471676522e-001
       421  3.13689863763e-001  6.05549245907e-001
       422  7.01487977641e-001  5.99726920104e-001
       423  5.98292383274e-001  3.02499879876e-001
       424  3.13714258041e-001  5.53989819846e-001
       425  7.36504543958e-001  5.28388968885e-001
       426  5.54244042803e-001  3.07395503844e-001
       427  4.73411419784e-001  7.26618289187e-001
       428  5.23757392438e-001  7.21993822317e-001
       429  5.68667350435e-001  7.13792862702e-001
       430  5.96697749453e-001  6.77725402986e-001
       431  2.70068421854e-001  4.75167744413e-001
       432  3.93797587212e-001  6.82883001730e-001
       433  5.03652014158e-001  3.09033530273e-001
       434  4.51994957363e-001  3.12167749384e-001
       435  3.99403998349e-001  3.15485170980e-001
       436  6.86234114587e-001  4.03449068987e-001
       437  3.16909096499e-001  4.50493531700e-001
       438  3.15031047790e-001  5.02600719656e-001
       439  6.26728622791e-001  6.33184545084e-001
       440  6.57665539668e-001  5.91756358346e-001
       441  4.45516480445e-001  6.81115191335e-001
       442  4.96249163546e-001  6.77626929124e-001
       443  5.46191447657e-001  6.73765515754e-001
       444  6.94771475697e-001  5.56367926285e-001
       445  6.90252657162e-001  5.06952369266e-001
       446  6.87664201130e-001  4.55450098035e-001
       447  3.61532628096e-001  6.36352922673e-001
       448  6.39704837653e-001  3.76892339828e-001
       449  5.89644994165e-001  3.50531953259e-001
       450  3.69890608660e-001  3.66837567164e-001
       451  4.28780835265e-001  3.58995523034e-001
       452  4.81837288571e-001  3.53286166626e-001
       453  5.33257585072e-001  3.49726986452e-001
       454  3.57045771647e-001  5.81176854688e-001
       455  3.59167930354e-001  5.30660791487e-001
       456  5.73190121042e-001  6.27848534889e-001
       457  6.02133204214e-001  5.76507375969e-001
       458  4.17360178005e-001  6.38549100546e-001
       459  3.95222065431e-001  6.01705099318e-001
       460  4.68396414845e-001  6.33712800220e-001
       461  5.19716843557e-001  6.29505585307e-001
       462  6.41017006561e-001  4.31771274836e-001
       463  5.94623655380e-001  4.07961524159e-001
       464  6.43543872617e-001  4.85224288062e-001
       465  6.47309908137e-001  5.39258288686e-001
       466  3.64582684229e-001  4.26031035673e-001
       467  4.13639998006e-001  4.08072931094e-001
       468  4.63414101232e-001  3.97373371183e-001
       469  5.12342673480e-001  3.92818024072e-001
       470  5.55559213853e-001  3.88003782862e-001
       471  3.61428595139e-001  4.79543378946e-001
       472  4.39082963725e-001  5.92325419772e-001
       473  5.43440869386e-001  5.82248292173e-001
       474  4.89730097733e-001  5.84538117732e-001
       475  4.02320147935e-001  5.58399922175e-001
       476  5.95584225979e-001  4.61868643979e-001
       477  6.00928859821e-001  5.16443741121e-001
       478  4.07594964645e-001  4.59170995530e-001
       479  4.54377272264e-001  4.43825530772e-001
       480  4.95623717272e-001  4.30398684608e-001
       481  5.62231843871e-001  5.40795335113e-001
       482  4.05759820029e-001  5.09919278950e-001
       483  5.44396078254e-001  4.37193335140e-001
       484  5.11926044486e-001  5.33433059513e-001
       485  4.49192219647e-001  4.89673265373e-001
       486  4.99816811842e-001  4.76476403021e-001
       487  5.51842419856e-001  4.93399637519e-001
       488  4.53617002898e-001  5.41087343312e-001
1			41	1	81
2			81	1	3
3			21	2	84
4			84	2	62
5			80	42	85
6			85	42	43
7			61	22	86
8			86	22	23
9			81	3	87
10			87	3	4
11			80	85	88
12			80	88	79
13			61	86	89
14			61	89	60
15			86	23	90
16			90	23	24
17			84	62	91
18			91	62	63
19			21	84	92
20			21	92	20
21			41	81	93
22			41	93	40
23			85	43	94
24			94	43	44
25			87	4	95
26			95	4	5
27			79	88	96
28			79	96	78
29			60	89	97
30			60	97	59
31			90	24	98
32			98	24	25
33			20	92	99
34			20	99	19
35			91	63	100
36			100	63	64
37			40	93	101
38			40	101	39
39			94	44	102
40			102	44	45
41			19	99	103
42			19	103	18
43			100	64	104
44			104	64	65
45			39	101	105
46			39	105	38
47			102	45	106
48			106	45	46
49			95	5	107
50			107	5	6
51			78	96	108
52			78	108	77
53			98	25	109
54			109	25	26
55			59	97	110
56			59	110	58
57			107	6	111
58			111	6	7
59			77	108	112
60			77	112	76
61			109	26	113
62			113	26	27
63			58	110	114
64			58	114	57
65			18	103	115
66			18	115	17
67			104	65	116
68			116	65	66
69			38	105	117
70			38	117	37
71			106	46	118
72			118	46	47
73			113	27	119
74			119	27	28
75			57	114	120
76			57	120	56
77			111	7	121
78			121	7	8
79			76	112	122
80			76	122	75
81			37	117	123
82			37	123	36
83			118	47	124
84			124	47	48
85			17	115	125
86			17	125	16
87			116	66	126
88			126	66	67
89			119	28	127
90			127	28	29
91			56	120	128
92			56	128	55
93			121	8	129
94			129	8	9
95			75	122	130
96			75	130	74
97			36	123	131
98			36	131	35
99			124	48	132
100			132	48	49
101			16	125	133
102			16	133	15
103			126	67	134
104			134	67	68
105			127	29	135
106			135	29	30
107			55	128	136
108			55	136	54
109			129	9	137
110			137	9	10
111			74	130	138
112			74	138	73
113			35	131	139
114			35	139	34
115			132	49	140
116			140	49	50
117			15	133	141
118			15	141	14
119			134	68	142
120			142	68	69
121			34	139	143
122			34	143	33
123			140	50	144
124			144	50	51
125			14	141	145
126			14	145	13
127			142	69	146
128			146	69	70
129			135	30	147
130			147	30	31
131			54	136	148
132			54	148	53
133			137	10	149
134			149	10	11
135			73	138	150
136			73	150	72
137			53	148	151
138			53	151	52
139			147	31	152
140			152	31	32
141			149	11	153
142			153	11	12
143			72	150	154
144			72	154	71
145			33	143	82
146			33	82	32
147			144	51	156
148			156	51	52
149			13	145	157
150			13	157	12
151			146	70	158
152			158	70	71
153			32	82	152
154			52	151	156
155			153	12	157
156			71	154	158
157			85	94	88
158			84	91	92
159			86	90	89
160			93	81	87
161			87	95	155
162			87	155	93
163			101	93	160
164			160	93	155
165			105	101	161
166			161	101	160
167			117	105	162
168			162	105	161
169			123	117	163
170			163	117	162
171			131	123	164
172			164	123	163
173			139	131	165
174			165	131	164
175			143	139	166
176			166	139	165
177			82	143	167
178			167	143	166
179			95	107	168
180			95	168	155
181			107	111	169
182			107	169	168
183			111	121	170
184			111	170	169
185			121	129	171
186			121	171	170
187			129	137	172
188			129	172	171
189			137	149	173
190			137	173	172
191			149	153	174
192			149	174	173
193			96	88	175
194			175	88	94
195			94	102	176
196			94	176	175
197			102	106	177
198			102	177	176
199			106	118	178
200			106	178	177
201			118	124	179
202			118	179	178
203			124	132	180
204			124	180	179
205			132	140	181
206			132	181	180
207			140	144	182
208			140	182	181
209			144	156	183
210			144	183	182
211			108	96	184
212			184	96	175
213			112	108	185
214			185	108	184
215			122	112	186
216			186	112	185
217			130	122	187
218			187	122	186
219			138	130	188
220			188	130	187
221			150	138	189
222			189	138	188
223			154	150	190
224			190	150	189
225			90	98	191
226			90	191	89
227			97	89	192
228			192	89	191
229			110	97	193
230			193	97	192
231			114	110	194
232			194	110	193
233			120	114	195
234			195	114	194
235			128	120	196
236			196	120	195
237			136	128	197
238			197	128	196
239			148	136	198
240			198	136	197
241			151	148	199
242			199	148	198
243			98	109	200
244			98	200	191
245			109	113	201
246			109	201	200
247			113	119	202
248			113	202	201
249			119	127	203
250			119	203	202
251			127	135	204
252			127	204	203
253			135	147	205
254			135	205	204
255			147	152	206
256			147	206	205
257			91	100	207
258			91	207	92
259			99	92	208
260			208	92	207
261			103	99	209
262			209	99	208
263			115	103	210
264			210	103	209
265			125	115	211
266			211	115	210
267			133	125	212
268			212	125	211
269			141	133	213
270			213	133	212
271			145	141	214
272			214	141	213
273			157	145	215
274			215	145	214
275			100	104	216
276			100	216	207
277			104	116	217
278			104	217	216
279			116	126	218
280			116	218	217
281			126	134	219
282			126	219	218
283			134	142	220
284			134	220	219
285			142	146	221
286			142	221	220
287			146	158	222
288			146	222	221
289			152	82	167
290			206	152	167
291			183	156	151
292			151	199	183
293			157	215	153
294			174	153	215
295			158	154	222
296			154	190	223
297			154	223	222
298			155	168	224
299			155	224	160
300			161	160	224
301			184	175	225
302			225	175	176
303			176	177	225
304			192	191	226
305			226	191	200
306			193	192	226
307			207	216	227
308			207	227	208
309			209	208	227
310			216	217	228
311			216	228	227
312			217	218	229
313			217	229	228
314			218	219	230
315			218	230	229
316			219	220	231
317			219	231	230
318			220	221	232
319			220	232	231
320			168	169	233
321			168	233	224
322			169	170	234
323			169	234	233
324			170	171	235
325			170	235	234
326			171	172	236
327			171	236	235
328			172	173	237
329			172	237	236
330			173	174	238
331			173	238	237
332			185	184	239
333			239	184	225
334			186	185	240
335			240	185	239
336			187	186	241
337			241	186	240
338			188	187	242
339			242	187	241
340			189	188	243
341			243	188	242
342			190	189	244
343			244	189	243
344			200	201	245
345			200	245	226
346			201	202	246
347			201	246	245
348			202	203	247
349			202	247	246
350			203	204	248
351			203	248	247
352			204	205	249
353			204	249	248
354			205	206	250
355			205	250	249
356			221	222	251
357			221	251	232
358			210	209	252
359			252	209	227
360			211	210	253
361			253	210	252
362			212	211	254
363			254	211	253
364			213	212	255
365			255	212	254
366			214	213	256
367			256	213	255
368			215	214	257
369			257	214	256
370			177	178	258
371			177	258	225
372			178	179	259
373			178	259	258
374			179	180	260
375			179	260	259
376			180	181	261
377			180	261	260
378			181	182	262
379			181	262	261
380			182	183	263
381			182	263	262
382			162	161	264
383			264	161	224
384			163	162	265
385			265	162	264
386			164	163	266
387			266	163	265
388			165	164	267
389			267	164	266
390			166	165	268
391			268	165	267
392			167	166	269
393			269	166	268
394			194	193	270
395			270	193	226
396			195	194	271
397			271	194	270
398			196	195	272
399			272	195	271
400			197	196	273
401			273	196	272
402			198	197	274
403			274	197	273
404			199	198	275
405			275	198	274
406			226	245	276
407			226	276	270
408			225	258	277
409			225	277	239
410			224	233	278
411			224	278	264
412			252	227	279
413			279	227	228
414			190	244	280
415			190	280	223
416			251	222	281
417			281	222	223
418			245	246	282
419			245	282	276
420			228	229	283
421			228	283	279
422			240	239	284
423			284	239	277
424			233	234	285
425			233	285	278
426			229	230	286
427			229	286	283
428			246	247	287
429			246	287	282
430			234	235	288
431			234	288	285
432			241	240	289
433			289	240	284
434			247	248	290
435			247	290	287
436			235	236	291
437			235	291	288
438			242	241	292
439			292	241	289
440			230	231	293
441			230	293	286
442			248	249	294
443			248	294	290
444			236	237	295
445			236	295	291
446			243	242	296
447			296	242	292
448			231	232	297
449			231	297	293
450			249	250	298
451			249	298	294
452			237	238	299
453			237	299	295
454			244	243	300
455			300	243	296
456			232	251	301
457			232	301	297
458			183	199	302
459			183	302	263
460			199	275	302
461			253	252	303
462			303	252	279
463			258	259	304
464			258	304	277
465			265	264	305
466			305	264	278
467			271	270	306
468			306	270	276
469			206	167	307
470			307	167	269
471			250	206	307
472			215	257	308
473			215	308	174
474			238	174	308
475			254	253	309
476			309	253	303
477			255	254	310
478			310	254	309
479			256	255	311
480			311	255	310
481			257	256	312
482			312	256	311
483			259	260	313
484			259	313	304
485			260	261	314
486			260	314	313
487			261	262	315
488			261	315	314
489			262	263	316
490			262	316	315
491			266	265	317
492			317	265	305
493			267	266	318
494			318	266	317
495			268	267	319
496			319	267	318
497			269	268	320
498			320	268	319
499			272	271	321
500			321	271	306
501			273	272	322
502			322	272	321
503			274	273	323
504			323	273	322
505			275	274	324
506			324	274	323
507			223	280	281
508			276	282	306
509			305	278	285
510			284	277	304
511			279	283	303
512			280	244	325
513			325	244	300
514			301	251	326
515			326	251	281
516			250	307	327
517			250	327	298
518			238	308	328
519			238	328	299
520			307	269	329
521			307	329	327
522			269	320	329
523			263	302	330
524			263	330	316
525			302	275	331
526			302	331	330
527			275	324	331
528			308	257	332
529			332	257	312
530			304	313	333
531			304	333	284
532			289	284	334
533			334	284	333
534			292	289	335
535			335	289	334
536			296	292	336
537			336	292	335
538			300	296	337
539			337	296	336
540			313	314	338
541			313	338	333
542			314	315	339
543			314	339	338
544			315	316	340
545			315	340	339
546			317	305	341
547			341	305	285
548			285	288	342
549			285	342	341
550			288	291	343
551			288	343	342
552			291	295	344
553			291	344	343
554			295	299	345
555			295	345	344
556			318	317	346
557			346	317	341
558			319	318	347
559			347	318	346
560			320	319	348
561			348	319	347
562			309	303	349
563			349	303	283
564			283	286	350
565			283	350	349
566			286	293	351
567			286	351	350
568			293	297	352
569			293	352	351
570			297	301	353
571			297	353	352
572			310	309	354
573			354	309	349
574			311	310	355
575			355	310	354
576			312	311	356
577			356	311	355
578			321	306	357
579			357	306	282
580			282	287	358
581			282	358	357
582			287	290	359
583			287	359	358
584			290	294	360
585			290	360	359
586			294	298	361
587			294	361	360
588			322	321	362
589			362	321	357
590			323	322	363
591			363	322	362
592			324	323	364
593			364	323	363
594			308	332	328
595			353	301	326
596			300	337	365
597			300	365	325
598			326	281	159
599			159	281	280
600			280	325	159
601			334	333	366
602			366	333	338
603			335	334	366
604			346	341	367
605			367	341	342
606			342	343	367
607			349	350	368
608			349	368	354
609			350	351	368
610			362	357	369
611			369	357	358
612			358	359	369
613			298	327	370
614			298	370	361
615			327	329	371
616			327	371	370
617			329	320	372
618			329	372	371
619			320	348	372
620			345	299	373
621			373	299	328
622			331	324	374
623			374	324	364
624			340	316	375
625			375	316	330
626			330	331	376
627			330	376	375
628			347	346	377
629			377	346	367
630			348	347	378
631			378	347	377
632			338	339	379
633			338	379	366
634			339	340	380
635			339	380	379
636			355	354	381
637			381	354	368
638			356	355	382
639			382	355	381
640			363	362	383
641			383	362	369
642			364	363	384
643			384	363	383
644			332	312	385
645			385	312	356
646			351	352	386
647			351	386	368
648			359	360	387
649			359	387	369
650			360	361	388
651			360	388	387
652			336	335	389
653			389	335	366
654			337	336	390
655			390	336	389
656			343	344	391
657			343	391	367
658			344	345	392
659			344	392	391
660			352	353	393
661			352	393	386
662			376	331	374
663			389	366	394
664			394	366	379
665			367	391	395
666			367	395	377
667			383	369	396
668			396	369	387
669			381	368	397
670			397	368	386
671			373	328	398
672			398	328	332
673			332	385	398
674			384	383	399
675			399	383	396
676			379	380	400
677			379	400	394
678			378	377	401
679			401	377	395
680			382	381	402
681			402	381	397
682			159	325	403
683			403	325	365
684			326	159	403
685			353	326	404
686			404	326	403
687			393	353	404
688			387	388	405
689			387	405	396
690			390	389	406
691			406	389	394
692			391	392	407
693			391	407	395
694			337	390	408
695			337	408	365
696			386	393	409
697			386	409	397
698			364	384	410
699			364	410	374
700			340	375	411
701			340	411	380
702			375	376	412
703			375	412	411
704			385	356	413
705			413	356	382
706			372	348	414
707			414	348	378
708			371	372	415
709			415	372	414
710			370	371	416
711			416	371	415
712			361	370	417
713			417	370	416
714			388	361	417
715			392	345	418
716			418	345	373
717			399	396	405
718			406	394	400
719			395	407	401
720			402	397	409
721			418	373	419
722			419	373	398
723			384	399	420
724			384	420	410
725			400	380	421
726			421	380	411
727			413	382	422
728			422	382	402
729			414	378	423
730			423	378	401
731			411	412	424
732			411	424	421
733			398	385	425
734			398	425	419
735			385	413	425
736			415	414	426
737			426	414	423
738			403	365	427
739			427	365	408
740			404	403	428
741			428	403	427
742			393	404	429
743			429	404	428
744			409	393	430
745			430	393	429
746			376	374	431
747			376	431	412
748			374	410	431
749			390	406	432
750			390	432	408
751			416	415	433
752			433	415	426
753			417	416	434
754			434	416	433
755			388	417	435
756			435	417	434
757			405	388	435
758			392	418	436
759			392	436	407
760			410	420	437
761			410	437	431
762			424	412	438
763			438	412	431
764			409	430	439
765			409	439	402
766			422	402	440
767			440	402	439
768			427	408	441
769			441	408	432
770			428	427	442
771			442	427	441
772			429	428	443
773			443	428	442
774			430	429	443
775			425	413	444
776			444	413	422
777			419	425	445
778			445	425	444
779			418	419	446
780			446	419	445
781			436	418	446
782			406	400	447
783			406	447	432
784			400	421	447
785			407	436	448
786			407	448	401
787			423	401	449
788			449	401	448
789			426	423	449
790			399	405	450
791			399	450	420
792			405	435	450
793			435	434	451
794			435	451	450
795			434	433	452
796			434	452	451
797			433	426	453
798			433	453	452
799			421	424	454
800			421	454	447
801			438	431	437
802			426	449	453
803			422	440	444
804			424	438	455
805			424	455	454
806			439	430	456
807			456	430	443
808			440	439	457
809			457	439	456
810			441	432	458
811			458	432	447
812			447	454	459
813			447	459	458
814			442	441	460
815			460	441	458
816			443	442	461
817			461	442	460
818			436	446	462
819			436	462	448
820			449	448	463
821			463	448	462
822			446	445	464
823			446	464	462
824			445	444	465
825			445	465	464
826			420	450	466
827			420	466	437
828			450	451	467
829			450	467	466
830			451	452	468
831			451	468	467
832			452	453	469
833			452	469	468
834			443	461	456
835			444	440	465
836			440	457	465
837			453	449	470
838			470	449	463
839			469	453	470
840			437	466	471
841			437	471	438
842			455	438	471
843			458	459	472
844			458	472	460
845			457	456	473
846			473	456	461
847			461	460	474
848			461	474	473
849			459	454	475
850			475	454	455
851			463	462	476
852			476	462	464
853			464	465	477
854			464	477	476
855			466	467	478
856			466	478	471
857			467	468	479
858			467	479	478
859			468	469	480
860			468	480	479
861			474	460	472
862			477	465	457
863			472	459	475
864			457	473	481
865			457	481	477
866			471	478	482
867			471	482	455
868			475	455	482
869			470	463	483
870			483	463	476
871			469	470	483
872			480	469	483
873			473	474	484
874			473	484	481
875			478	479	485
876			478	485	482
877			479	480	486
878			479	486	485
879			476	477	487
880			487	477	481
881			483	476	487
882			480	483	486
883			481	484	487
884			475	482	488
885			488	482	485
886			472	475	488
887			474	472	488
888			484	474	488
889			485	486	83
890			485	83	488
891			488	83	484
892			483	487	486
893			487	484	486
894			83	486	484
